t	y
0.000000E0	2.690151E2
3.382222E-2	2.668823E2
6.764444E-2	2.595699E2
1.009333E-1	2.470778E2
1.342222E-1	2.364138E2
1.676222E-1	2.242264E2
2.010222E-1	2.251405E2
2.343000E-1	2.329099E2
2.675778E-1	2.394607E2
3.009778E-1	2.400700E2
3.343778E-1	2.344334E2
3.681000E-1	2.242264E2
4.018222E-1	2.143242E2
4.352111E-1	2.096015E2
4.686000E-1	2.076211E2
5.018889E-1	2.106679E2
5.351778E-1	2.143242E2
5.685778E-1	2.149335E2
6.019778E-1	2.131054E2
6.352556E-1	2.085351E2
6.685333E-1	2.030508E2
7.023556E-1	1.968048E2
7.361778E-1	1.933009E2
7.694778E-1	1.928439E2
8.027778E-1	1.940626E2
8.360778E-1	1.955860E2
8.695000E-1	1.949767E2
9.029222E-1	1.928439E2
9.361778E-1	1.882736E2
9.694333E-1	1.846174E2
1.002856E0	1.803518E2
1.036633E0	1.765432E2
1.070411E0	1.757815E2
1.103756E0	1.756292E2
1.137100E0	1.751721E2
1.170444E0	1.738011E2
1.203789E0	1.716683E2
1.237133E0	1.684691E2
1.270478E0	1.648129E2
1.303822E0	1.610043E2
1.337167E0	1.593285E2
1.370911E0	1.576528E2
1.404656E0	1.568910E2
1.438033E0	1.561293E2
1.471411E0	1.536919E2
1.504789E0	1.507973E2
1.538056E0	1.471411E2
1.571322E0	1.440943E2
1.604733E0	1.415045E2
1.638144E0	1.399810E2
1.671411E0	1.387623E2
1.705189E0	1.373912E2
1.738967E0	1.352584E2
1.772311E0	1.328209E2
1.805656E0	1.291647E2
1.839000E0	1.270319E2
1.872344E0	1.236804E2
1.905689E0	1.221570E2
1.939033E0	1.204812E2
1.972378E0	1.181961E2
2.005722E0	1.162156E2
2.039478E0	1.137781E2
2.073233E0	1.113406E2
2.106600E0	1.085985E2
2.139967E0	1.060087E2
2.173333E0	1.037235E2
2.206700E0	1.012860E2
2.239956E0	1.000673E2
2.273211E0	9.762983E1
2.306633E0	9.580172E1
2.340056E0	9.336424E1
2.373756E0	9.138378E1
2.407456E0	8.848928E1
2.440878E0	8.605180E1
2.474300E0	8.361432E1
2.507556E0	8.193855E1
2.540811E0	8.026278E1
2.574222E0	7.797765E1
2.607633E0	7.554017E1
2.640900E0	7.340737E1
2.674167E0	7.112223E1
2.708022E0	6.838007E1
2.741878E0	6.624727E1
2.775144E0	6.411448E1
2.808411E0	6.182934E1
2.841822E0	6.000123E1
2.875233E0	5.817312E1
2.908500E0	5.573564E1
2.941767E0	5.345051E1
2.975178E0	5.147005E1
3.008589E0	4.918492E1
3.042300E0	4.689978E1
3.076011E0	4.491933E1
3.109411E0	4.263419E1
3.142811E0	4.095842E1
3.176100E0	3.791157E1
3.209389E0	3.669283E1
3.242678E0	3.425535E1
3.276111E0	3.212256E1
3.309544E0	2.968508E1
3.342800E0	2.770463E1
3.376578E0	2.557183E1
3.410356E0	2.359138E1
3.443689E0	2.176327E1
3.477022E0	1.947813E1
3.510356E0	1.734534E1
3.543689E0	1.521254E1
3.577022E0	1.277506E1
3.610356E0	1.140398E1
3.643689E0	8.357133E0
3.677022E0	7.443078E0
3.710856E0	5.310284E0
3.744689E0	3.482174E0
3.777967E0	1.806407E0
