t	y
0.000000E0	2.610262E2
3.326667E-2	2.593352E2
6.704444E-2	2.546889E2
1.008222E-1	2.376203E2
1.341667E-1	2.152629E2
1.675111E-1	1.901609E2
2.008556E-1	1.688778E2
2.342000E-1	1.532635E2
2.675444E-1	1.404094E2
3.008889E-1	1.376699E2
3.342333E-1	1.399414E2
3.675778E-1	1.456671E2
4.013222E-1	1.494653E2
4.350667E-1	1.511459E2
4.684444E-1	1.505138E2
5.018222E-1	1.473426E2
5.352000E-1	1.387132E2
5.684556E-1	1.271079E2
6.017111E-1	1.165769E2
6.351444E-1	1.041338E2
6.684778E-1	9.316067E1
7.018111E-1	8.241375E1
7.356000E-1	7.459629E1
7.693889E-1	7.015558E1
8.027222E-1	6.765273E1
8.360556E-1	6.638322E1
8.693889E-1	6.448671E1
9.027222E-1	6.217391E1
9.360556E-1	5.901822E1
9.693889E-1	5.353939E1
1.002722E0	4.657000E1
1.036056E0	3.834143E1
1.069878E0	3.053947E1
1.103700E0	2.125728E1
1.136989E0	1.535184E1
1.170278E0	7.333995E0
1.203678E0	8.273919E-1
