t	y
0.000000E0	2.650826E2
3.374444E-2	2.615513E2
6.712222E-2	2.538746E2
1.005000E-1	2.342222E2
1.338778E-1	2.157982E2
1.671333E-1	1.984489E2
2.003889E-1	1.889298E2
2.338222E-1	1.846308E2
2.671556E-1	1.901580E2
3.004889E-1	1.961458E2
3.342778E-1	2.047437E2
3.680667E-1	2.072003E2
4.013889E-1	2.058185E2
4.347111E-1	1.998307E2
4.680333E-1	1.890833E2
5.013556E-1	1.791036E2
5.346778E-1	1.678956E2
5.680000E-1	1.579159E2
6.013222E-1	1.505463E2
6.347667E-1	1.467079E2
6.685444E-1	1.468615E2
7.023222E-1	1.464009E2
7.356556E-1	1.453261E2
7.689889E-1	1.434837E2
8.023222E-1	1.390313E2
8.356556E-1	1.310475E2
8.689889E-1	1.239849E2
9.023222E-1	1.153870E2
9.356556E-1	1.081709E2
9.689889E-1	1.020296E2
1.002822E0	9.727004E1
1.036656E0	9.496703E1
1.069933E0	9.389230E1
1.103211E0	9.251049E1
1.136611E0	8.974688E1
1.170011E0	8.667620E1
1.203300E0	8.191665E1
1.236589E0	7.608237E1
1.269878E0	6.917334E1
1.303311E0	6.395319E1
1.337089E0	5.842597E1
1.370867E0	5.351289E1
1.404211E0	5.044221E1
1.437556E0	4.829274E1
1.470900E0	4.645033E1
1.504244E0	4.460793E1
1.537589E0	4.184432E1
1.570933E0	3.800597E1
1.604278E0	3.416762E1
1.637622E0	2.956161E1
1.671367E0	2.434146E1
1.705111E0	2.019604E1
1.738478E0	1.651123E1
1.771844E0	1.344055E1
1.805211E0	1.098401E1
1.838578E0	8.988070E0
1.871833E0	6.992130E0
1.905089E0	4.074986E0
