t	y
0.000000E0	2.587293E2
3.382222E-2	2.575232E2
6.764444E-2	2.543872E2
1.009333E-1	2.413610E2
1.342222E-1	2.194093E2
1.675111E-1	1.938393E2
2.009444E-1	1.704402E2
2.343778E-1	1.562079E2
2.676222E-1	1.410106E2
3.008667E-1	1.357036E2
3.343000E-1	1.381158E2
3.680889E-1	1.419755E2
4.018778E-1	1.429404E2
4.352000E-1	1.439053E2
4.685222E-1	1.424579E2
5.018444E-1	1.369097E2
5.351667E-1	1.301553E2
5.684889E-1	1.197826E2
6.018111E-1	1.072388E2
6.351333E-1	9.686603E1
6.685667E-1	8.528713E1
7.023444E-1	7.298456E1
7.361222E-1	6.574775E1
7.694667E-1	5.995830E1
8.028111E-1	5.682235E1
8.361556E-1	5.465131E1
8.695000E-1	5.344517E1
9.028444E-1	5.079168E1
9.361889E-1	4.741450E1
9.695333E-1	4.186628E1
1.002878E0	3.438824E1
1.036622E0	2.666898E1
1.070367E0	1.701990E1
1.103744E0	9.300640E0
1.137122E0	3.752419E-1
