t	y
0.000000E0	2.533598E2
3.334444E-2	2.507766E2
6.708889E-2	2.442442E2
1.008333E-1	2.266235E2
1.342111E-1	2.067075E2
1.675889E-1	1.840196E2
2.009667E-1	1.625982E2
2.342444E-1	1.458996E2
2.675222E-1	1.357699E2
3.009222E-1	1.340390E2
3.343222E-1	1.378425E2
3.676000E-1	1.431438E2
4.013778E-1	1.462536E2
4.351556E-1	1.468161E2
4.685000E-1	1.454334E2
5.018444E-1	1.417498E2
5.351889E-1	1.344920E2
5.685333E-1	1.227511E2
6.018778E-1	1.114652E2
6.352222E-1	9.799347E1
6.685667E-1	8.855267E1
7.019111E-1	7.957528E1
7.356556E-1	7.243545E1
7.694000E-1	6.909064E1
8.027778E-1	6.690009E1
8.361556E-1	6.631399E1
8.695333E-1	6.482656E1
9.027889E-1	6.287102E1
9.360444E-1	5.895426E1
9.694778E-1	5.354536E1
1.002811E0	4.640648E1
1.036144E0	3.834646E1
1.069933E0	2.982775E1
1.103722E0	2.165636E1
1.137056E0	1.405691E1
1.170389E0	8.068518E0
1.203722E0	3.110754E0
