t	y
0.000000E0	2.546792E2
3.334444E-2	2.519899E2
6.668889E-2	2.446274E2
1.004333E-1	2.290159E2
1.341778E-1	2.159009E2
1.675444E-1	2.093283E2
2.009111E-1	2.109564E2
2.342778E-1	2.177219E2
2.676444E-1	2.224494E2
3.009000E-1	2.228172E2
3.341556E-1	2.191329E2
3.675889E-1	2.105041E2
4.009222E-1	2.035637E2
4.347000E-1	1.947480E2
4.684778E-1	1.922938E2
5.018222E-1	1.928727E2
5.351667E-1	1.965811E2
5.685111E-1	1.994211E2
6.018556E-1	1.973770E2
6.352000E-1	1.946937E2
6.685444E-1	1.897673E2
7.018889E-1	1.834238E2
7.352333E-1	1.787084E2
7.689889E-1	1.758261E2
8.027444E-1	1.770562E2
8.361111E-1	1.780391E2
8.694778E-1	1.778039E2
9.028444E-1	1.753437E2
9.362111E-1	1.718705E2
9.694667E-1	1.682405E2
1.002722E0	1.631090E2
1.036144E0	1.595936E2
1.069567E0	1.585323E2
1.103267E0	1.585323E2
1.136967E0	1.577123E2
1.170389E0	1.558611E2
1.203811E0	1.544079E2
1.237067E0	1.509527E2
1.270322E0	1.485046E2
1.303733E0	1.450314E2
1.337144E0	1.421491E2
1.370411E0	1.411300E2
1.403678E0	1.396889E2
1.437533E0	1.380487E2
1.471389E0	1.370116E2
1.504656E0	1.345514E2
1.537922E0	1.322841E2
1.571333E0	1.290039E2
1.604744E0	1.259286E2
1.638011E0	1.236855E2
1.671278E0	1.218584E2
1.704689E0	1.195972E2
1.738100E0	1.181380E2
1.771811E0	1.162868E2
1.805522E0	1.138206E2
1.838933E0	1.109564E2
1.872344E0	1.080921E2
1.905611E0	1.054209E2
1.938878E0	1.037868E2
1.972289E0	1.017607E2
2.005700E0	9.987941E1
2.038967E0	9.781718E1
2.072233E0	9.575495E1
2.106089E0	9.310179E1
2.139944E0	9.023155E1
2.173200E0	8.775326E1
2.206456E0	8.572721E1
2.239889E0	8.388809E1
2.273222E0	8.242885E1
2.306556E0	8.039677E1
2.339889E0	7.873855E1
2.373222E0	7.647130E1
2.406556E0	7.299808E1
2.440356E0	7.073083E1
2.474156E0	6.808370E1
2.507467E0	6.644356E1
2.540778E0	6.415220E1
2.574089E0	6.271105E1
2.607400E0	6.067897E1
2.640833E0	5.822480E1
2.674167E0	5.615051E1
2.707500E0	5.411240E1
2.740833E0	5.186325E1
2.774633E0	4.960806E1
2.808433E0	4.796189E1
2.841744E0	4.589967E1
2.875056E0	4.488664E1
2.908367E0	4.281235E1
2.941678E0	4.055114E1
2.975111E0	3.831404E1
3.008444E0	3.689098E1
3.041778E0	3.399663E1
3.075111E0	3.277255E1
3.108889E0	3.030632E1
3.142667E0	2.844911E1
3.176011E0	2.720695E1
3.209356E0	2.495176E1
3.242700E0	2.309455E1
3.276044E0	2.123734E1
3.309389E0	1.836710E1
3.342733E0	1.798119E1
3.376078E0	1.529185E1
3.409422E0	1.384467E1
3.443167E0	1.199952E1
3.476911E0	9.346359E0
3.510289E0	8.116257E0
3.543667E0	5.855041E0
3.577044E0	3.605885E0
3.610311E0	2.767728E0
