t	y
0.000000E0	2.614640E2
3.340000E-2	2.573631E2
6.667778E-2	2.475102E2
9.995556E-2	2.261877E2
1.333556E-1	2.048305E2
1.667556E-1	1.867783E2
2.004778E-1	1.779536E2
2.342000E-1	1.732398E2
2.675889E-1	1.779685E2
3.009778E-1	1.822869E2
3.342667E-1	1.896804E2
3.675556E-1	1.915269E2
4.009556E-1	1.900932E2
4.343556E-1	1.849566E2
4.676333E-1	1.749009E2
5.009111E-1	1.611300E2
5.347444E-1	1.479943E2
5.685778E-1	1.371254E2
6.018556E-1	1.297419E2
6.351333E-1	1.264617E2
6.685333E-1	1.268820E2
7.019333E-1	1.283181E2
7.352222E-1	1.289485E2
7.685111E-1	1.277200E2
8.018000E-1	1.244422E2
8.352333E-1	1.192858E2
8.690111E-1	1.112843E2
9.027889E-1	1.024547E2
9.361333E-1	9.322220E1
9.694778E-1	8.583372E1
1.002822E0	8.070207E1
1.036167E0	7.783469E1
1.069511E0	7.639852E1
1.102856E0	7.496235E1
1.136200E0	7.270552E1
1.169544E0	7.003835E1
1.203289E0	6.552220E1
1.237033E0	5.936224E1
1.270400E0	5.156838E1
1.303767E0	4.520077E1
1.337133E0	3.925589E1
1.370500E0	3.453210E1
1.403756E0	3.104921E1
1.437011E0	2.878742E1
1.470444E0	2.735125E1
1.503778E0	2.509937E1
1.537556E0	2.345804E1
1.571333E0	1.997763E1
1.604678E0	1.648732E1
1.638022E0	1.073769E1
1.671367E0	4.577733E0
