t	y
0.000000E0	2.661371E2
3.377778E-2	2.643214E2
6.711111E-2	2.585715E2
1.004444E-1	2.464666E2
1.337778E-1	2.325460E2
1.671111E-1	2.211901E2
2.004444E-1	2.211901E2
2.337778E-1	2.264316E2
2.671111E-1	2.318637E2
3.004444E-1	2.346273E2
3.342667E-1	2.306248E2
3.680889E-1	2.232867E2
4.013778E-1	2.149956E2
4.346667E-1	2.055610E2
4.680667E-1	2.047986E2
5.014667E-1	2.060375E2
5.347444E-1	2.098495E2
5.680222E-1	2.126132E2
6.014222E-1	2.115649E2
6.348222E-1	2.066093E2
6.685444E-1	1.996524E2
7.022667E-1	1.959358E2
7.356556E-1	1.908849E2
7.690444E-1	1.909802E2
8.023333E-1	1.921238E2
8.356222E-1	1.932674E2
8.690222E-1	1.926003E2
9.024222E-1	1.905990E2
9.357000E-1	1.865964E2
9.689778E-1	1.818314E2
1.002811E0	1.769712E2
1.036644E0	1.750652E2
1.069922E0	1.743028E2
1.103200E0	1.744934E2
1.136600E0	1.742075E2
1.170000E0	1.723015E2
1.203278E0	1.700143E2
1.236556E0	1.662023E2
1.269967E0	1.626762E2
1.303378E0	1.601031E2
1.337078E0	1.581972E2
1.370778E0	1.577207E2
1.404200E0	1.563865E2
1.437622E0	1.553382E2
1.470878E0	1.535275E2
1.504133E0	1.507638E2
1.537556E0	1.472377E2
1.570978E0	1.444740E2
1.604244E0	1.423774E2
1.637511E0	1.410432E2
1.671356E0	1.400902E2
1.705200E0	1.382796E2
1.738478E0	1.364689E2
1.771756E0	1.338958E2
1.805144E0	1.315133E2
1.838533E0	1.291308E2
1.871822E0	1.261765E2
1.905111E0	1.243658E2
1.938400E0	1.224598E2
1.971833E0	1.212210E2
2.005611E0	1.187432E2
2.039389E0	1.166466E2
2.072733E0	1.143594E2
2.106078E0	1.119769E2
2.139422E0	1.101662E2
2.172767E0	1.075931E2
2.206111E0	1.056871E2
2.239456E0	1.039717E2
2.272800E0	1.019705E2
2.306144E0	1.000645E2
2.339889E0	9.777728E1
2.373633E0	9.549009E1
2.407011E0	9.272640E1
2.440389E0	9.062981E1
2.473767E0	8.891442E1
2.507022E0	8.700843E1
2.540278E0	8.510244E1
2.573711E0	8.291056E1
2.607044E0	8.129046E1
2.640378E0	7.890798E1
2.674167E0	7.671609E1
2.707956E0	7.461950E1
2.741289E0	7.252291E1
2.774622E0	7.099812E1
2.807956E0	6.909213E1
2.841289E0	6.728144E1
2.874622E0	6.537545E1
2.907956E0	6.318356E1
2.941289E0	6.118227E1
2.974622E0	5.918098E1
3.008444E0	5.737029E1
3.042267E0	5.565490E1
3.075556E0	5.413011E1
3.108844E0	5.260532E1
3.142244E0	5.069933E1
3.175644E0	4.907924E1
3.208922E0	4.707795E1
3.242200E0	4.507666E1
3.275600E0	4.374247E1
3.309000E0	4.193178E1
3.342722E0	4.031168E1
3.376444E0	3.888219E1
3.409833E0	3.726210E1
3.443222E0	3.526081E1
3.476611E0	3.373602E1
3.509856E0	3.163943E1
3.543100E0	2.992404E1
3.576533E0	2.868515E1
3.609967E0	2.725565E1
3.643222E0	2.554026E1
3.677000E0	2.382487E1
3.710778E0	2.239538E1
3.744111E0	2.048939E1
3.777444E0	1.925050E1
3.810778E0	1.753511E1
3.844111E0	1.601031E1
3.877444E0	1.429492E1
3.910778E0	1.305603E1
3.944111E0	1.134064E1
3.977444E0	9.911147E0
4.011267E0	8.386355E0
4.045089E0	6.766264E0
4.078389E0	4.669675E0
4.111689E0	3.621381E0
