t	y
0.000000E0	2.637106E2
3.343333E-2	2.614735E2
6.721111E-2	2.586398E2
1.009889E-1	2.459626E2
1.343333E-1	2.274689E2
1.676778E-1	2.045009E2
2.010222E-1	1.891392E2
2.343667E-1	1.806381E2
2.677111E-1	1.795941E2
3.010556E-1	1.846650E2
3.344000E-1	1.916747E2
3.677444E-1	1.957015E2
4.014889E-1	1.959998E2
4.352333E-1	1.940610E2
4.686111E-1	1.870512E2
5.019889E-1	1.763130E2
5.353667E-1	1.655747E2
5.686333E-1	1.531958E2
6.019000E-1	1.473793E2
6.353111E-1	1.435016E2
6.687222E-1	1.436507E2
7.019889E-1	1.463353E2
7.357667E-1	1.472301E2
7.695444E-1	1.476775E2
8.028889E-1	1.461861E2
8.362333E-1	1.411153E2
8.695778E-1	1.348513E2
9.029222E-1	1.270958E2
9.362667E-1	1.193404E2
9.696111E-1	1.132256E2
1.002956E0	1.081547E2
1.036300E0	1.065141E2
1.070044E0	1.053210E2
1.103789E0	1.044261E2
1.137167E0	1.029347E2
1.170544E0	1.005484E2
1.203922E0	9.607415E1
1.237189E0	9.055586E1
1.270456E0	8.384444E1
1.303867E0	7.698387E1
1.337278E0	7.176387E1
1.370544E0	6.699130E1
1.404322E0	6.356102E1
1.438100E0	6.117473E1
1.471444E0	5.953416E1
1.504789E0	5.834102E1
1.538133E0	5.640217E1
1.571478E0	5.267360E1
1.604822E0	4.805017E1
1.638167E0	4.268103E1
1.671511E0	3.716275E1
1.704856E0	3.194275E1
1.738600E0	2.806504E1
1.772344E0	2.448561E1
1.805722E0	2.105533E1
1.839100E0	1.792333E1
1.872478E0	1.449304E1
1.905733E0	1.195762E1
1.938989E0	8.378189E0
1.972422E0	4.351334E0
